1	0.9999999687665191
10	1.0000000010177421
100	0.9999999880527082
1000	1.0000000066336587
1001	0.9999999915673506
1002	1.0000000327288152
1003	0.9999999802920971
1004	1.000000041186709
1005	1.0000000222013088
1006	1.0000001519258153
1007	1.0000002221790754
1008	1.000000587183989
1009	1.000001012036299
101	0.9999999867609745
1010	1.0000019800302395
1011	1.000003315719576
1012	1.0000055786915913
1013	1.0000085117968438
1014	1.0000125961115929
1015	1.0000174389173715
1016	1.0000231275478804
1017	1.0000288777268893
1018	1.0000344822753822
1019	1.000039012606094
102	0.9999999880527087
1020	1.000042092965134
1021	1.0000430883638634
1022	1.0000420929651332
1023	1.0000390126060938
1024	1.000034482275381
1025	1.0000288777268895
1026	1.0000231275478797
1027	1.0000174389173722
1028	1.0000125961115924
1029	1.000008511796844
103	0.9999999888223465
1030	1.0000055786915916
1031	1.0000033157195758
1032	1.0000019800302395
1033	1.000001012036299
1034	1.000000587183989
1035	1.0000002221790754
1036	1.0000001519258153
1037	1.0000000222013086
1038	1.0000000411867096
1039	0.9999999802920965
104	0.9999999943575222
1040	1.0000000327288163
1041	0.9999999684263421
1042	1.000000010962021
1043	0.9999999915302734
1044	1.000000024559712
1045	1.0000000111530636
1046	1.0000000917804677
1047	1.0000001440671822
1048	1.0000003804596012
1049	1.0000007295948772
105	0.9999999888637365
1050	1.0000014351033426
1051	1.0000024498327227
1052	1.0000041172970147
1053	1.0000063759982831
1054	1.0000094546125278
1055	1.0000131272089696
1056	1.0000174389173724
1057	1.000021868658997
1058	1.000026128858057
1059	1.0000295989366468
106	0.9999999802920967
1060	1.0000319372242399
1061	1.0000327117435757
1062	1.0000319372242399
1063	1.0000295989366466
1064	1.0000261288580552
1065	1.0000218686589963
1066	1.000017438917372
1067	1.0000131272089696
1068	1.0000094546125282
1069	1.0000063759982827
107	0.9999999915302735
1070	1.0000041172970142
1071	1.000002449832722
1072	1.0000014351033426
1073	1.0000007295948774
1074	1.0000003804596014
1075	1.0000001440671822
1076	1.0000000917804677
1077	1.000000011153064
1078	1.0000000245597127
1079	0.9999999915302732
108	0.9999999909155071
1080	1.0000000109620206
1081	1.0000000005723921
1082	1.0000000175925439
1083	0.9999999909155074
1084	1.0000000254173662
1085	1.0000000030718748
1086	1.000000080697795
1087	1.0000001275372437
1088	1.0000003116414111
1089	1.000000520892907
109	0.999999990538371
1090	1.0000010611362944
1091	1.0000017601435958
1092	1.0000029901108334
1093	1.0000045585288164
1094	1.0000068385371077
1095	1.0000094546125282
1096	1.0000125961115927
1097	1.0000157689506788
1098	1.0000188966902224
1099	1.0000213663840045
11	0.999999989839003
110	0.9999999881637294
1100	1.0000231101928558
1101	1.0000236652100727
1102	1.000023110192856
1103	1.0000213663840045
1104	1.0000188966902215
1105	1.0000157689506788
1106	1.000012596111593
1107	1.0000094546125287
1108	1.0000068385371073
1109	1.0000045585288166
111	0.9999999977359276
1110	1.0000029901108334
1111	1.0000017601435967
1112	1.0000010611362948
1113	1.0000005208929073
1114	1.0000003116414116
1115	1.0000001275372437
1116	1.0000000806977951
1117	1.0000000030718745
1118	1.0000000254173667
1119	0.9999999909155073
112	0.9999999926959124
1120	1.0000000175925436
1121	0.9999999865812647
1122	1.0000000028035438
1123	0.9999999905383707
1124	1.000000014680103
1125	1.0000000074435105
1126	1.0000000272239737
1127	1.0000000536204818
1128	1.0000001790497999
1129	1.0000003228226906
113	0.9999999983820259
1130	1.0000006622147892
1131	1.0000011468364125
1132	1.0000019598947227
1133	1.0000030408649412
1134	1.000004558528817
1135	1.0000063759982831
1136	1.0000085117968442
1137	1.0000107047869098
1138	1.000012848713131
1139	1.0000145751247829
114	0.9999999994535413
1140	1.000015750169731
1141	1.0000161331346151
1142	1.0000157501697309
1143	1.0000145751247829
1144	1.000012848713132
1145	1.0000107047869091
1146	1.000008511796844
1147	1.0000063759982836
1148	1.000004558528817
1149	1.0000030408649416
115	0.9999999971301349
1150	1.0000019598947236
1151	1.0000011468364116
1152	1.0000006622147894
1153	1.0000003228226904
1154	1.0000001790498003
1155	1.0000000536204823
1156	1.000000027223974
1157	1.0000000074435103
1158	1.0000000146801031
1159	0.9999999905383707
116	0.9999999874764007
1160	1.0000000028035438
1161	0.9999999946863048
1162	1.00000001602504
1163	0.9999999881637298
1164	1.0000000149613386
1165	0.9999999990585932
1166	1.0000000584549749
1167	1.000000031462519
1168	1.000000150361652
1169	1.0000002090598905
117	1.0000000092010233
1170	1.0000004685348751
1171	1.0000007276896727
1172	1.0000013205978246
1173	1.0000019598947232
1174	1.0000029901108336
1175	1.000004117297014
1176	1.000005578691592
1177	1.000006937113271
1178	1.000008383175053
1179	1.0000094642039916
118	1.0000000051330367
1180	1.0000103077584594
1181	1.0000104765380111
1182	1.00001030775846
1183	1.0000094642039923
1184	1.000008383175054
1185	1.0000069371132705
1186	1.0000055786915918
1187	1.000004117297014
1188	1.0000029901108334
1189	1.0000019598947234
119	0.99999999923866
1190	1.000001320597825
1191	1.0000007276896734
1192	1.000000468534875
1193	1.0000002090598905
1194	1.0000001503616516
1195	1.0000000314625193
1196	1.0000000584549738
1197	0.9999999990585937
1198	1.0000000149613382
1199	0.9999999881637294
12	0.9999999946863048
120	0.999999989884617
1200	1.0000000160250393
1201	0.9999999898390027
1202	1.0000000048459028
1203	0.9999999977359284
1204	1.0000000062505034
1205	0.999999978834319
1206	1.0000000213341202
1207	1.0000000075405215
1208	1.0000000620850003
1209	1.0000000991673774
121	1.0000000009355745
1210	1.000000257229169
1211	1.0000003977897798
1212	1.0000007276896727
1213	1.0000011468364125
1214	1.000001760143596
1215	1.0000024498327227
1216	1.000003315719576
1217	1.0000041897366982
1218	1.0000050746273614
1219	1.0000057342565185
122	1.0000000017220902
1220	1.00000624329682
1221	1.0000063762044593
1222	1.0000062432968204
1223	1.0000057342565192
1224	1.0000050746273614
1225	1.0000041897366985
1226	1.0000033157195765
1227	1.0000024498327222
1228	1.000001760143596
1229	1.000001146836413
123	1.0000000051330367
1230	1.0000007276896732
1231	1.0000003977897802
1232	1.0000002572291689
1233	1.0000000991673774
1234	1.0000000620850005
1235	1.0000000075405207
1236	1.0000000213341196
1237	0.9999999788343189
1238	1.0000000062505028
1239	0.9999999977359281
124	0.9999999877839466
1240	1.0000000048459023
1241	1.0000000010177426
1242	1.0000000011531909
1243	0.9999999926959133
1244	1.0000000173228762
1245	1.000000004226376
1246	1.0000000188878673
1247	1.0000000100963737
1248	1.0000000677840026
1249	1.0000000534471534
125	1.000000000299508
1250	1.0000001719013736
1251	1.0000002572291684
1252	1.0000004685348753
1253	1.0000006622147892
1254	1.0000010611362946
1255	1.0000014351033433
1256	1.0000019800302393
1257	1.000002439485498
1258	1.0000030009241603
1259	1.000003350081131
126	1.0000000108704878
1260	1.000003690544793
1261	1.00000372757021
1262	1.0000036905447933
1263	1.000003350081131
1264	1.0000030009241607
1265	1.0000024394854978
1266	1.00000198003024
1267	1.0000014351033433
1268	1.000001061136295
1269	1.0000006622147894
127	1.0000000005933793
1270	1.0000004685348753
1271	1.0000002572291693
1272	1.0000001719013736
1273	1.0000000534471536
1274	1.0000000677840017
1275	1.000000010096374
1276	1.0000000188878657
1277	1.0000000042263757
1278	1.0000000173228756
1279	0.9999999926959124
128	1.0000000028909533
1280	1.0000000011531904
1281	0.9999999996781536
1282	1.0000000017960147
1283	0.9999999983820262
1284	0.9999999986292922
1285	0.9999999915218843
1286	0.9999999997596043
1287	0.9999999930683641
1288	1.000000018782325
1289	1.0000000293156293
129	0.9999999986292918
1290	1.0000000534471531
1291	1.0000000991673774
1292	1.0000002090598907
1293	1.0000003228226906
1294	1.0000005208929073
1295	1.0000007295948778
1296	1.000001012036299
1297	1.0000012747333418
1298	1.0000015599420542
1299	1.0000017825630023
13	0.9999999865812659
130	1.0000000173228765
1300	1.0000019406499754
1301	1.0000019787897303
1302	1.0000019406499754
1303	1.0000017825630023
1304	1.0000015599420544
1305	1.000001274733341
1306	1.0000010120362992
1307	1.0000007295948774
1308	1.000000520892908
1309	1.0000003228226904
131	1.0000000062505032
1310	1.0000002090598907
1311	1.0000000991673776
1312	1.0000000534471538
1313	1.0000000293156293
1314	1.0000000187823248
1315	0.9999999930683641
1316	0.9999999997596029
1317	0.9999999915218835
1318	0.9999999986292916
1319	0.9999999983820255
132	1.0000000149613386
1320	1.0000000017960147
1321	0.9999999929034408
1322	1.0000000050268796
1323	0.9999999994535417
1324	1.0000000028909535
1325	0.9999999989014366
1326	1.0000000219587
1327	1.0000000029162852
1328	1.0000000102913955
1329	1.0000000187823241
133	1.0000000146801025
1330	1.000000067784002
1331	1.0000000620850007
1332	1.0000001503616518
1333	1.0000001790498
1334	1.0000003116414107
1335	1.0000003804596016
1336	1.0000005871839892
1337	1.0000006746667789
1338	1.0000008689645163
1339	1.000000938180176
134	1.000000025417366
1340	1.0000010618346864
1341	1.0000010505518546
1342	1.000001061834687
1343	1.0000009381801767
1344	1.000000868964517
1345	1.0000006746667793
1346	1.000000587183989
1347	1.000000380459601
1348	1.0000003116414107
1349	1.0000001790497999
135	1.0000000245597123
1350	1.0000001503616518
1351	1.0000000620850003
1352	1.0000000677840024
1353	1.0000000187823253
1354	1.0000000102913957
1355	1.0000000029162852
1356	1.0000000219586993
1357	0.999999998901436
1358	1.0000000028909528
1359	0.9999999994535419
136	1.0000000411867092
1360	1.0000000050268794
1361	0.999999996260654
1362	1.0000000036324497
1363	0.9999999971301357
1364	1.0000000005933791
1365	0.9999999946153202
1366	0.9999999946442175
1367	1.0000000000613145
1368	1.0000000029162848
1369	0.9999999930683638
137	1.000000040454814
1370	1.0000000100963733
1371	1.0000000075405215
1372	1.0000000314625193
1373	1.0000000536204818
1374	1.0000001275372432
1375	1.000000144067182
1376	1.0000002221790754
1377	1.000000279773796
1378	1.0000003645404216
1379	1.0000004033705954
138	1.0000000542457192
1380	1.000000453077409
1381	1.0000004610456075
1382	1.0000004530774091
1383	1.0000004033705954
1384	1.000000364540422
1385	1.0000002797737964
1386	1.0000002221790751
1387	1.0000001440671824
1388	1.0000001275372437
1389	1.0000000536204818
139	1.0000000393807873
1390	1.000000031462519
1391	1.000000007540521
1392	1.0000000100963742
1393	0.9999999930683643
1394	1.0000000029162852
1395	1.0000000000613145
1396	0.9999999946442166
1397	0.9999999946153195
1398	1.0000000005933782
1399	0.9999999971301347
14	1.0000000005723921
140	1.0000000756822924
1400	1.000000003632449
1401	1.0000000089808498
1402	1.0000000007102738
1403	0.9999999874764014
1404	1.0000000108704878
1405	1.0000000059137917
1406	0.9999999990150155
1407	0.9999999946442173
1408	1.0000000219587
1409	0.9999999997596037
141	1.000000042403693
1410	1.0000000188878666
1411	1.0000000213341198
1412	1.0000000584549744
1413	1.0000000272239749
1414	1.000000080697795
1415	1.0000000917804677
1416	1.0000001519258157
1417	1.0000001486390249
1418	1.0000002153086354
1419	1.0000002085623616
142	1.000000075682293
1420	1.000000263905408
1421	1.000000226624978
1422	1.0000002639054077
1423	1.000000208562362
1424	1.000000215308635
1425	1.0000001486390246
1426	1.0000001519258153
1427	1.0000000917804681
1428	1.000000080697795
1429	1.000000027223974
143	1.0000000393807875
1430	1.0000000584549742
1431	1.00000002133412
1432	1.0000000188878662
1433	0.9999999997596029
1434	1.0000000219586993
1435	0.9999999946442167
1436	0.9999999990150147
1437	1.000000005913791
1438	1.000000010870488
1439	0.9999999874764008
144	1.0000000542457195
1440	1.0000000007102732
1441	0.9999999858566436
1442	1.0000000012710832
1443	1.0000000092010233
1444	1.0000000002995093
1445	0.999999989306626
1446	1.0000000059137912
1447	0.9999999946153196
1448	0.9999999989014369
1449	0.9999999915218837
145	1.0000000404548133
1450	1.0000000042263764
1451	0.999999978834319
1452	0.9999999990585932
1453	1.0000000074435103
1454	1.0000000030718745
1455	1.0000000111530634
1456	1.0000000222013086
1457	1.0000000298561322
1458	1.0000000500954782
1459	1.0000000485661762
146	1.0000000411867092
1460	1.0000000691486925
1461	1.0000000551792727
1462	1.000000069148692
1463	1.0000000485661762
1464	1.0000000500954784
1465	1.0000000298561327
1466	1.000000022201309
1467	1.0000000111530636
1468	1.0000000030718748
1469	1.0000000074435103
147	1.0000000245597114
1470	0.9999999990585933
1471	0.9999999788343191
1472	1.0000000042263752
1473	0.9999999915218833
1474	0.9999999989014362
1475	0.9999999946153195
1476	1.000000005913791
1477	0.9999999893066255
1478	1.0000000002995084
1479	1.0000000092010224
148	1.0000000254173667
1480	1.0000000012710832
1481	1.000000000935575
1482	1.000000001722091
1483	1.0000000051330373
1484	0.999999987783947
1485	1.0000000002995093
1486	1.0000000108704887
1487	1.000000000593379
1488	1.0000000028909528
1489	0.9999999986292916
149	1.0000000146801027
1490	1.0000000173228771
1491	1.0000000062505034
1492	1.0000000149613386
1493	1.0000000146801036
1494	1.0000000254173667
1495	1.0000000245597127
1496	1.0000000411867092
1497	1.000000040454814
1498	1.00000005424572
1499	1.0000000393807877
15	0.9999999684263425
150	1.0000000149613384
1500	1.000000075682293
1501	1.000000042403693
1502	1.0000000756822924
1503	1.0000000393807882
1504	1.0000000542457195
1505	1.000000040454814
1506	1.0000000411867094
1507	1.000000024559712
1508	1.0000000254173664
1509	1.0000000146801027
151	1.0000000062505028
1510	1.0000000149613382
1511	1.0000000062505028
1512	1.0000000173228762
1513	0.9999999986292918
1514	1.0000000028909528
1515	1.000000000593379
1516	1.0000000108704878
1517	1.000000000299508
1518	0.9999999877839468
1519	1.0000000051330364
152	1.0000000173228765
1520	1.0000000017220902
1521	1.0000000130874855
1522	0.999999989884617
1523	0.999999999238659
1524	1.0000000051330376
1525	1.0000000092010233
1526	0.9999999874764014
1527	0.9999999971301354
1528	0.9999999994535419
1529	0.9999999983820267
153	0.9999999986292912
1530	0.999999992695913
1531	0.9999999977359282
1532	0.9999999881637296
1533	0.9999999905383712
1534	0.9999999909155072
1535	0.9999999915302735
1536	0.9999999802920969
1537	0.999999988863737
1538	0.9999999943575224
1539	0.9999999888223466
154	1.0000000028909528
1540	0.9999999880527083
1541	0.9999999867609743
1542	0.9999999880527084
1543	0.9999999888223465
1544	0.9999999943575228
1545	0.9999999888637374
1546	0.9999999802920968
1547	0.9999999915302734
1548	0.999999990915507
1549	0.999999990538371
155	1.0000000005933785
1550	0.9999999881637296
1551	0.9999999977359278
1552	0.9999999926959124
1553	0.9999999983820256
1554	0.9999999994535416
1555	0.9999999971301349
1556	0.9999999874764006
1557	1.0000000092010226
1558	1.0000000051330369
1559	0.9999999992386589
156	1.0000000108704883
1560	0.9999999898846171
1561	1.0000000101340232
1562	1.000000000775824
1563	0.9999999898846175
1564	1.0000000017220905
1565	1.0000000012710828
1566	1.000000000710274
1567	1.000000003632449
1568	1.0000000050268791
1569	1.0000000017960147
157	1.0000000002995093
1570	1.0000000011531913
1571	1.000000004845903
1572	1.00000001602504
1573	1.000000002803544
1574	1.0000000175925439
1575	1.0000000109620215
1576	1.0000000327288159
1577	1.000000006633659
1578	1.0000000257854118
1579	1.000000018372987
158	0.9999999877839469
1580	1.0000000294347136
1581	1.0000000256757688
1582	1.0000000294347138
1583	1.0000000183729865
1584	1.000000025785412
1585	1.0000000066336587
1586	1.000000032728816
1587	1.0000000109620215
1588	1.0000000175925439
1589	1.0000000028035438
159	1.000000005133037
1590	1.0000000160250395
1591	1.0000000048459023
1592	1.0000000011531909
1593	1.0000000017960147
1594	1.0000000050268787
1595	1.000000003632449
1596	1.0000000007102736
1597	1.0000000012710826
1598	1.0000000017220907
1599	0.9999999898846171
16	0.999999991567351
160	1.0000000017220902
1600	1.000000000775825
161	0.999999985856643
162	1.0000000012710832
163	1.0000000092010233
164	1.0000000002995093
165	0.9999999893066257
166	1.0000000059137912
167	0.9999999946153197
168	0.9999999989014365
169	0.9999999915218837
17	0.9999999837284264
170	1.000000004226375
171	0.9999999788343188
172	0.9999999990585936
173	1.0000000074435105
174	1.000000003071875
175	1.0000000111530634
176	1.000000022201309
177	1.000000029856132
178	1.000000050095478
179	1.0000000485661757
18	0.9999999873423626
180	1.000000069148692
181	1.0000000551792727
182	1.0000000691486928
183	1.0000000485661757
184	1.0000000500954778
185	1.000000029856133
186	1.000000022201309
187	1.0000000111530638
188	1.000000003071875
189	1.00000000744351
19	0.9999999828479353
190	0.999999999058593
191	0.9999999788343185
192	1.0000000042263755
193	0.9999999915218838
194	0.9999999989014365
195	0.9999999946153199
196	1.0000000059137912
197	0.999999989306626
198	1.0000000002995093
199	1.0000000092010237
2	1.000000010134023
20	0.9999999782866617
200	1.0000000012710832
201	1.0000000089808503
202	1.0000000007102734
203	0.9999999874764007
204	1.000000010870488
205	1.0000000059137912
206	0.9999999990150155
207	0.9999999946442172
208	1.0000000219586995
209	0.9999999997596039
21	0.9999999799858811
210	1.0000000188878666
211	1.0000000213341196
212	1.0000000584549738
213	1.000000027223974
214	1.0000000806977947
215	1.000000091780468
216	1.0000001519258157
217	1.0000001486390244
218	1.000000215308635
219	1.000000208562361
22	0.9999999782866612
220	1.0000002639054075
221	1.0000002266249768
222	1.0000002639054073
223	1.0000002085623612
224	1.0000002153086363
225	1.0000001486390244
226	1.0000001519258155
227	1.0000000917804681
228	1.000000080697795
229	1.0000000272239733
23	0.9999999828479347
230	1.000000058454974
231	1.0000000213341198
232	1.0000000188878666
233	0.9999999997596035
234	1.0000000219586997
235	0.9999999946442176
236	0.9999999990150151
237	1.0000000059137915
238	1.0000000108704878
239	0.9999999874764016
24	0.9999999873423626
240	1.0000000007102732
241	0.9999999962606531
242	1.0000000036324492
243	0.9999999971301353
244	1.000000000593379
245	0.9999999946153199
246	0.9999999946442171
247	1.0000000000613152
248	1.0000000029162852
249	0.9999999930683638
25	0.9999999837284258
250	1.0000000100963746
251	1.000000007540522
252	1.0000000314625188
253	1.0000000536204816
254	1.0000001275372437
255	1.000000144067182
256	1.0000002221790754
257	1.0000002797737957
258	1.0000003645404216
259	1.000000403370595
26	0.999999991567351
260	1.0000004530774083
261	1.0000004610456075
262	1.000000453077409
263	1.000000403370595
264	1.0000003645404218
265	1.0000002797737961
266	1.0000002221790751
267	1.000000144067182
268	1.0000001275372432
269	1.0000000536204818
27	0.9999999684263429
270	1.0000000314625186
271	1.0000000075405209
272	1.000000010096374
273	0.9999999930683645
274	1.0000000029162859
275	1.0000000000613145
276	0.9999999946442173
277	0.9999999946153199
278	1.0000000005933787
279	0.9999999971301348
28	1.000000000572392
280	1.0000000036324486
281	0.9999999929034402
282	1.0000000050268785
283	0.9999999994535421
284	1.0000000028909528
285	0.9999999989014366
286	1.000000021958699
287	1.0000000029162854
288	1.000000010291395
289	1.0000000187823246
29	0.9999999865812653
290	1.0000000677840026
291	1.0000000620850007
292	1.000000150361652
293	1.0000001790498003
294	1.000000311641411
295	1.0000003804596012
296	1.0000005871839892
297	1.0000006746667789
298	1.0000008689645161
299	1.0000009381801755
3	1.0000000130874862
30	0.9999999946863044
300	1.0000010618346866
301	1.000001050551853
302	1.0000010618346868
303	1.0000009381801753
304	1.0000008689645163
305	1.0000006746667782
306	1.000000587183989
307	1.0000003804596007
308	1.0000003116414105
309	1.0000001790497997
31	0.9999999898390031
310	1.0000001503616518
311	1.0000000620850003
312	1.0000000677840022
313	1.0000000187823253
314	1.0000000102913955
315	1.0000000029162852
316	1.0000000219586995
317	0.9999999989014366
318	1.0000000028909524
319	0.9999999994535408
32	1.0000000010177426
320	1.0000000050268785
321	0.9999999996781536
322	1.0000000017960147
323	0.999999998382026
324	0.9999999986292921
325	0.9999999915218832
326	0.9999999997596034
327	0.9999999930683642
328	1.0000000187823248
329	1.0000000293156297
33	0.9999999996781539
330	1.0000000534471536
331	1.000000099167378
332	1.000000209059891
333	1.0000003228226904
334	1.0000005208929073
335	1.0000007295948778
336	1.000001012036299
337	1.0000012747333409
338	1.0000015599420533
339	1.000001782563002
34	0.9999999929034404
340	1.0000019406499752
341	1.0000019787897305
342	1.0000019406499743
343	1.0000017825630017
344	1.0000015599420533
345	1.0000012747333409
346	1.0000010120362985
347	1.0000007295948774
348	1.0000005208929068
349	1.0000003228226906
35	0.9999999962606535
350	1.0000002090598903
351	1.000000099167377
352	1.0000000534471536
353	1.0000000293156293
354	1.0000000187823248
355	0.9999999930683643
356	0.9999999997596027
357	0.9999999915218836
358	0.9999999986292913
359	0.9999999983820258
36	1.0000000089808498
360	1.0000000017960142
361	1.0000000010177423
362	1.0000000011531909
363	0.9999999926959126
364	1.0000000173228767
365	1.0000000042263752
366	1.000000018887866
367	1.0000000100963735
368	1.0000000677840024
369	1.0000000534471534
37	0.9999999858566434
370	1.0000001719013736
371	1.0000002572291689
372	1.000000468534875
373	1.000000662214789
374	1.000001061136295
375	1.000001435103343
376	1.0000019800302393
377	1.0000024394854974
378	1.0000030009241605
379	1.0000033500811307
38	1.000000000935575
380	1.000003690544793
381	1.00000372757021
382	1.0000036905447933
383	1.0000033500811303
384	1.0000030009241603
385	1.0000024394854974
386	1.000001980030239
387	1.000001435103343
388	1.0000010611362944
389	1.000000662214789
39	1.000000013087486
390	1.000000468534875
391	1.0000002572291682
392	1.0000001719013736
393	1.0000000534471534
394	1.000000067784002
395	1.0000000100963737
396	1.0000000188878664
397	1.000000004226376
398	1.000000017322876
399	0.9999999926959124
4	1.000000000935575
40	1.0000000101340232
400	1.0000000011531907
401	0.9999999898390028
402	1.0000000048459032
403	0.9999999977359281
404	1.0000000062505032
405	0.9999999788343188
406	1.0000000213341198
407	1.0000000075405215
408	1.000000062085001
409	1.0000000991673779
41	1.000000010134023
410	1.0000002572291689
411	1.0000003977897802
412	1.0000007276896725
413	1.000001146836412
414	1.0000017601435962
415	1.0000024498327227
416	1.000003315719576
417	1.0000041897366985
418	1.0000050746273612
419	1.0000057342565183
42	1.0000000007758245
420	1.0000062432968195
421	1.0000063762044602
422	1.0000062432968198
423	1.0000057342565187
424	1.0000050746273614
425	1.0000041897366985
426	1.000003315719576
427	1.0000024498327225
428	1.0000017601435958
429	1.0000011468364125
43	0.9999999898846167
430	1.000000727689673
431	1.0000003977897802
432	1.000000257229169
433	1.0000000991673774
434	1.0000000620850005
435	1.000000007540521
436	1.0000000213341194
437	0.9999999788343187
438	1.000000006250503
439	0.9999999977359281
44	1.00000000172209
440	1.0000000048459028
441	0.9999999946863044
442	1.0000000160250393
443	0.9999999881637294
444	1.0000000149613382
445	0.9999999990585933
446	1.0000000584549742
447	1.0000000314625193
448	1.0000001503616518
449	1.0000002090598905
45	1.0000000012710828
450	1.0000004685348747
451	1.0000007276896719
452	1.0000013205978238
453	1.0000019598947225
454	1.000002990110833
455	1.0000041172970138
456	1.000005578691592
457	1.0000069371132714
458	1.0000083831750541
459	1.0000094642039925
46	1.0000000007102738
460	1.0000103077584601
461	1.0000104765380111
462	1.0000103077584597
463	1.0000094642039923
464	1.0000083831750537
465	1.0000069371132707
466	1.0000055786915927
467	1.0000041172970142
468	1.0000029901108336
469	1.0000019598947225
47	1.0000000036324492
470	1.0000013205978238
471	1.0000007276896725
472	1.0000004685348747
473	1.0000002090598905
474	1.0000001503616514
475	1.0000000314625188
476	1.0000000584549742
477	0.9999999990585936
478	1.0000000149613384
479	0.9999999881637296
48	1.0000000050268791
480	1.000000016025039
481	0.9999999865812657
482	1.000000002803544
483	0.999999990538371
484	1.000000014680103
485	1.0000000074435103
486	1.0000000272239737
487	1.000000053620482
488	1.0000001790498
489	1.0000003228226906
49	1.0000000017960142
490	1.0000006622147892
491	1.0000011468364125
492	1.0000019598947225
493	1.0000030408649412
494	1.0000045585288164
495	1.0000063759982833
496	1.000008511796844
497	1.0000107047869093
498	1.0000128487131315
499	1.000014575124783
5	0.9999999858566435
50	1.0000000011531907
500	1.0000157501697309
501	1.0000161331346153
502	1.0000157501697309
503	1.0000145751247829
504	1.0000128487131312
505	1.0000107047869093
506	1.000008511796844
507	1.0000063759982838
508	1.0000045585288173
509	1.0000030408649414
51	1.000000004845902
510	1.0000019598947232
511	1.0000011468364125
512	1.00000066221479
513	1.0000003228226908
514	1.0000001790498
515	1.0000000536204823
516	1.0000000272239737
517	1.0000000074435107
518	1.0000000146801036
519	0.9999999905383715
52	1.0000000160250393
520	1.0000000028035445
521	1.0000000005723917
522	1.0000000175925436
523	0.9999999909155073
524	1.0000000254173655
525	1.0000000030718752
526	1.0000000806977944
527	1.0000001275372432
528	1.0000003116414102
529	1.0000005208929075
53	1.0000000028035438
530	1.000001061136295
531	1.000001760143596
532	1.0000029901108336
533	1.000004558528817
534	1.0000068385371077
535	1.0000094546125284
536	1.000012596111593
537	1.000015768950679
538	1.0000188966902215
539	1.000021366384004
54	1.000000017592544
540	1.0000231101928558
541	1.0000236652100727
542	1.0000231101928554
543	1.0000213663840036
544	1.000018896690221
545	1.000015768950679
546	1.0000125961115929
547	1.000009454612528
548	1.000006838537108
549	1.0000045585288173
55	1.0000000109620217
550	1.0000029901108332
551	1.000001760143596
552	1.0000010611362948
553	1.0000005208929073
554	1.0000003116414107
555	1.0000001275372439
556	1.000000080697795
557	1.0000000030718752
558	1.0000000254173667
559	0.9999999909155083
56	1.0000000327288163
560	1.0000000175925439
561	0.9999999684263424
562	1.000000010962021
563	0.9999999915302731
564	1.0000000245597123
565	1.000000011153063
566	1.000000091780467
567	1.0000001440671817
568	1.000000380459601
569	1.0000007295948774
57	1.000000006633659
570	1.0000014351033433
571	1.0000024498327231
572	1.000004117297014
573	1.0000063759982833
574	1.0000094546125273
575	1.0000131272089698
576	1.0000174389173724
577	1.0000218686589972
578	1.0000261288580559
579	1.000029598936647
58	1.000000025785412
580	1.0000319372242399
581	1.0000327117435754
582	1.0000319372242397
583	1.0000295989366463
584	1.000026128858056
585	1.000021868658997
586	1.0000174389173717
587	1.00001312720897
588	1.0000094546125278
589	1.0000063759982833
59	1.0000000183729871
590	1.0000041172970144
591	1.000002449832723
592	1.0000014351033428
593	1.0000007295948774
594	1.0000003804596016
595	1.000000144067182
596	1.0000000917804674
597	1.0000000111530636
598	1.0000000245597125
599	0.9999999915302734
6	1.0000000089808505
60	1.0000000294347138
600	1.0000000109620217
601	0.999999991567351
602	1.0000000327288152
603	0.9999999802920962
604	1.000000041186709
605	1.0000000222013086
606	1.0000001519258146
607	1.0000002221790747
608	1.0000005871839883
609	1.0000010120362992
61	1.0000000256757688
610	1.0000019800302395
611	1.0000033157195762
612	1.0000055786915918
613	1.0000085117968438
614	1.0000125961115933
615	1.0000174389173726
616	1.0000231275478804
617	1.0000288777268895
618	1.0000344822753824
619	1.000039012606095
62	1.0000000294347133
620	1.0000420929651344
621	1.0000430883638634
622	1.0000420929651337
623	1.0000390126060947
624	1.0000344822753817
625	1.0000288777268889
626	1.0000231275478801
627	1.0000174389173722
628	1.0000125961115924
629	1.0000085117968438
63	1.000000018372986
630	1.000005578691592
631	1.000003315719576
632	1.0000019800302395
633	1.0000010120362994
634	1.000000587183989
635	1.0000002221790754
636	1.0000001519258157
637	1.0000000222013088
638	1.0000000411867087
639	0.9999999802920969
64	1.0000000257854116
640	1.000000032728816
641	0.9999999837284258
642	1.0000000066336583
643	0.9999999888637366
644	1.0000000404548133
645	1.0000000298561322
646	1.0000001486390242
647	1.000000279773795
648	1.000000674666778
649	1.0000012747333404
65	1.0000000066336585
650	1.0000024394854974
651	1.000004189736699
652	1.0000069371132705
653	1.0000107047869087
654	1.000015768950679
655	1.0000218686589972
656	1.0000288777268904
657	1.0000361593518892
658	1.0000430967889713
659	1.0000487458848104
66	1.000000032728816
660	1.000052553563543
661	1.000053849579635
662	1.0000525535635425
663	1.0000487458848102
664	1.000043096788971
665	1.0000361593518894
666	1.0000288777268893
667	1.0000218686589966
668	1.000015768950679
669	1.0000107047869085
67	1.0000000109620217
670	1.0000069371132705
671	1.0000041897366982
672	1.000002439485498
673	1.000001274733341
674	1.0000006746667793
675	1.000000279773796
676	1.000000148639025
677	1.0000000298561322
678	1.0000000404548144
679	0.9999999888637365
68	1.000000017592544
680	1.0000000066336583
681	0.9999999873423624
682	1.0000000257854116
683	0.9999999943575218
684	1.0000000542457188
685	1.000000050095477
686	1.0000002153086345
687	1.0000003645404212
688	1.0000008689645155
689	1.0000015599420542
69	1.0000000028035436
690	1.00000300092416
691	1.0000050746273612
692	1.0000083831750533
693	1.0000128487131315
694	1.000018896690221
695	1.0000261288580563
696	1.0000344822753822
697	1.0000430967889715
698	1.0000513089082494
699	1.0000580171849802
7	0.9999999962606543
70	1.00000001602504
700	1.0000625164666375
701	1.0000640564656165
702	1.0000625164666381
703	1.0000580171849802
704	1.0000513089082494
705	1.000043096788971
706	1.000034482275382
707	1.000026128858056
708	1.000018896690221
709	1.0000128487131312
71	1.0000000048459023
710	1.0000083831750537
711	1.0000050746273612
712	1.0000030009241605
713	1.0000015599420544
714	1.000000868964517
715	1.0000003645404223
716	1.0000002153086356
717	1.0000000500954778
718	1.0000000542457192
719	0.9999999943575216
72	1.0000000011531907
720	1.0000000257854114
721	0.9999999828479341
722	1.0000000183729858
723	0.9999999888223463
724	1.0000000393807866
725	1.0000000485661749
726	1.0000002085623614
727	1.0000004033705947
728	1.0000009381801755
729	1.0000017825630017
73	1.0000000017960142
730	1.0000033500811303
731	1.0000057342565183
732	1.0000094642039925
733	1.0000145751247818
734	1.0000213663840039
735	1.0000295989366461
736	1.000039012606095
737	1.0000487458848104
738	1.0000580171849796
739	1.0000656307453792
74	1.0000000050268785
740	1.0000706811790703
741	1.00007239509099
742	1.0000706811790703
743	1.0000656307453797
744	1.0000580171849796
745	1.0000487458848095
746	1.000039012606094
747	1.0000295989366461
748	1.0000213663840036
749	1.0000145751247829
75	1.0000000036324483
750	1.000009464203992
751	1.0000057342565183
752	1.0000033500811307
753	1.000001782563002
754	1.000000938180176
755	1.0000004033705956
756	1.0000002085623612
757	1.0000000485661755
758	1.000000039380788
759	0.9999999888223466
76	1.0000000007102734
760	1.0000000183729858
761	0.999999978286661
762	1.0000000294347127
763	0.9999999880527076
764	1.0000000756822918
765	1.000000069148692
766	1.0000002639054077
767	1.000000453077408
768	1.000001061834686
769	1.000001940649975
77	1.0000000012710826
770	1.000003690544793
771	1.00000624329682
772	1.0000103077584594
773	1.0000157501697302
774	1.0000231101928552
775	1.0000319372242392
776	1.0000420929651337
777	1.000052553563543
778	1.0000625164666381
779	1.0000706811790707
78	1.0000000017220911
780	1.0000761124916782
781	1.000077982541527
782	1.0000761124916786
783	1.000070681179071
784	1.000062516466637
785	1.0000525535635423
786	1.0000420929651335
787	1.0000319372242392
788	1.0000231101928552
789	1.0000157501697313
79	0.9999999898846174
790	1.00001030775846
791	1.0000062432968198
792	1.0000036905447938
793	1.0000019406499747
794	1.0000010618346864
795	1.000000453077408
796	1.0000002639054075
797	1.0000000691486923
798	1.0000000756822927
799	0.9999999880527076
8	0.9999999929034411
80	1.0000000007758245
800	1.0000000294347131
801	0.9999999799858811
802	1.0000000256757688
803	0.9999999867609738
804	1.000000042403693
805	1.0000000551792725
806	1.0000002266249768
807	1.0000004610456072
808	1.000001050551853
809	1.0000019787897303
81	1.000000013087486
810	1.0000037275702098
811	1.0000063762044598
812	1.000010476538011
813	1.0000161331346142
814	1.0000236652100725
815	1.0000327117435746
816	1.0000430883638634
817	1.0000538495796347
818	1.0000640564656165
819	1.0000723950909907
82	0.9999999898846176
820	1.0000779825415265
821	1.0000799175088764
822	1.0000779825415267
823	1.0000723950909909
824	1.0000640564656158
825	1.0000538495796345
826	1.0000430883638622
827	1.0000327117435746
828	1.000023665210072
829	1.000016133134615
83	0.9999999992386592
830	1.0000104765380116
831	1.0000063762044593
832	1.0000037275702094
833	1.0000019787897296
834	1.0000010505518537
835	1.000000461045607
836	1.000000226624978
837	1.0000000551792725
838	1.0000000424036934
839	0.9999999867609741
84	1.000000005133037
840	1.000000025675769
841	0.9999999782866612
842	1.0000000294347133
843	0.9999999880527084
844	1.0000000756822927
845	1.0000000691486923
846	1.0000002639054073
847	1.0000004530774083
848	1.0000010618346864
849	1.0000019406499756
85	1.000000009201023
850	1.000003690544793
851	1.0000062432968198
852	1.0000103077584592
853	1.0000157501697304
854	1.0000231101928547
855	1.0000319372242397
856	1.000042092965134
857	1.000052553563543
858	1.0000625164666377
859	1.000070681179071
86	0.9999999874764014
860	1.0000761124916786
861	1.0000779825415276
862	1.0000761124916788
863	1.0000706811790707
864	1.000062516466638
865	1.000052553563542
866	1.0000420929651335
867	1.000031937224239
868	1.0000231101928554
869	1.0000157501697307
87	0.999999997130135
870	1.0000103077584594
871	1.00000624329682
872	1.0000036905447933
873	1.0000019406499745
874	1.0000010618346866
875	1.0000004530774083
876	1.0000002639054073
877	1.0000000691486923
878	1.0000000756822929
879	0.9999999880527077
88	0.9999999994535419
880	1.0000000294347138
881	0.9999999828479347
882	1.000000018372986
883	0.9999999888223471
884	1.0000000393807875
885	1.000000048566176
886	1.0000002085623612
887	1.0000004033705945
888	1.0000009381801753
889	1.0000017825630023
89	0.999999998382026
890	1.0000033500811312
891	1.0000057342565192
892	1.0000094642039923
893	1.0000145751247829
894	1.0000213663840036
895	1.0000295989366461
896	1.0000390126060947
897	1.0000487458848097
898	1.00005801718498
899	1.0000656307453795
9	0.9999999996781539
90	0.9999999926959126
900	1.0000706811790707
901	1.0000723950909902
902	1.0000706811790703
903	1.0000656307453797
904	1.000058017184979
905	1.00004874588481
906	1.0000390126060943
907	1.0000295989366457
908	1.0000213663840039
909	1.0000145751247826
91	0.9999999977359284
910	1.0000094642039918
911	1.0000057342565187
912	1.0000033500811307
913	1.000001782563002
914	1.0000009381801753
915	1.000000403370595
916	1.0000002085623616
917	1.0000000485661764
918	1.0000000393807882
919	0.9999999888223468
92	0.9999999881637294
920	1.0000000183729867
921	0.9999999873423624
922	1.0000000257854116
923	0.9999999943575222
924	1.0000000542457197
925	1.0000000500954778
926	1.0000002153086351
927	1.0000003645404214
928	1.0000008689645166
929	1.0000015599420544
93	0.9999999905383711
930	1.0000030009241605
931	1.0000050746273617
932	1.0000083831750537
933	1.000012848713131
934	1.0000188966902217
935	1.000026128858056
936	1.0000344822753824
937	1.0000430967889717
938	1.0000513089082497
939	1.0000580171849798
94	0.9999999909155071
940	1.0000625164666375
941	1.0000640564656162
942	1.0000625164666377
943	1.0000580171849798
944	1.0000513089082488
945	1.0000430967889713
946	1.0000344822753817
947	1.0000261288580554
948	1.0000188966902217
949	1.0000128487131312
95	0.9999999915302732
950	1.000008383175053
951	1.0000050746273612
952	1.00000300092416
953	1.0000015599420535
954	1.0000008689645166
955	1.0000003645404214
956	1.000000215308636
957	1.0000000500954775
958	1.00000005424572
959	0.9999999943575227
96	0.9999999802920971
960	1.0000000257854118
961	0.9999999837284256
962	1.0000000066336583
963	0.999999988863737
964	1.0000000404548137
965	1.0000000298561327
966	1.0000001486390244
967	1.000000279773796
968	1.000000674666779
969	1.0000012747333413
97	0.999999988863737
970	1.0000024394854978
971	1.0000041897366987
972	1.0000069371132705
973	1.000010704786909
974	1.0000157689506783
975	1.0000218686589963
976	1.0000288777268893
977	1.0000361593518896
978	1.000043096788972
979	1.0000487458848106
98	0.9999999943575228
980	1.0000525535635427
981	1.0000538495796354
982	1.000052553563542
983	1.00004874588481
984	1.0000430967889706
985	1.000036159351889
986	1.000028877726889
987	1.0000218686589963
988	1.0000157689506786
989	1.0000107047869082
99	0.9999999888223464
990	1.0000069371132707
991	1.0000041897366976
992	1.0000024394854976
993	1.000001274733341
994	1.000000674666779
995	1.0000002797737955
996	1.000000148639025
997	1.000000029856133
998	1.0000000404548137
999	0.9999999888637362
